[diagram]
count=4

[shape0]
kind=0
rect=2;2;7;5;
fill=0.80000001192092896;0.88999998569488525;1;1;
stroke=0;0;0;1;

[shape1]
kind=1
rect=12;8;17;11;
fill=0.85000002384185791;1;0.85000002384185791;1;
stroke=0;0;0;1;

[shape2]
kind=2
rect=7;3.5;12;9.5;
fill=0;0;0;1;
stroke=0;0;0;1;

[shape3]
kind=3
rect=2;14;2;14;
fill=0;0;0;1;
stroke=0;0;0;1;
text=Dia · GTK4 port
